(x3^2+x4^2+0.9*x1^2+1.6*x2^2)/2-0.08*x1^2*x2
Surface = x1
UVar = x3
x2 = 2.612
x4 = -0.8
H = 24
RKSteps = 1200000
MainStep = 110
IniChange = 0.000001

--------------------------------------------

(x1^2+x4^2+0.9*x3^2+1.6*x2^2)/2-0.08*x3^2*x2
Surface = x3
UVar = x1
x2 = 2.612
x4 = -0.8
H = 24
RKSteps = 1200000
MainStep = 110
IniChange = 0.000001